0.5904774823617434 0.21246621401646762 0.0 0.2850595745920552 0.0 
0.04555190478100911 0.0 0.04640526697550271 0.21453393065665918 0.0 
0.21041407239968912 0.0 0.21149868807367211 0.08408750724732239 0.0 
0.0 0.0 0.0 0.026917859298970986 0.0 
0.6560971922301668 0.34463952271238324 0.4052487041676227 0.39675482268194895 0.0 
0.0 0.0 0.0 0.0 0.0 
0.6805589109540773 0.0 0.10501078865513788 0.17942555265714344 0.0 
0.0 0.0 0.0 0.0 -0.998046875 
0.4383763354935154 0.7289996406214769 0.29238698528309115 0.5834495460960942 0.0 
0.5588385571781407 0.8099999703940578 0.6002891763981852 0.416632241840579 0.0 
0.5579057780429781 0.8999999976432436 0.4145520384129794 0.0 0.0 
0.0 0.0 0.0 0.0 1.0 
