0.24090748485659588 0.3101352362739149 0.15677085233501423 0.1202850127556937 0.0 
0.19959087589456448 0.37580546286233996 0.2626663782160996 0.2238345874749466 0.0 
0.4732604683383107 0.15147339095692547 0.21917702048982776 0.2286282399116798 0.0 
0.0 0.0 0.0 0.2878589958556703 0.0 
0.5736184095697889 0.35788349497096217 0.2391014685264741 0.06334805868846641 0.0 
0.0 0.0 0.0 0.0 0.0 
0.1698186205006123 0.0 0.26172250978445083 0.6542052231059812 0.0 
0.0 0.0 0.0 0.0 -0.9999999925494194 
0.0 0.669070101663267 0.3412468615954308 0.0 0.0 
0.0 0.7521211048321401 0.3418049620405459 0.0 0.0 
0.0 0.8807454675406996 0.5884618188496229 0.3198990538554242 0.0 
0.0 0.0 0.0 0.0 1.0 
