0.0 0.0 0.0 0.0 
0.0 0.0 0.0 0.0 
0.0 0.0 0.0 0.0 
0.885000006 -0.46486499851440016 -0.5850014940000001 -0.5999989500149852 
0.615000006 -0.5864999985144002 -0.5998500149400001 -0.5864999989500151 
-0.88614 0.59851656 0.45138000149985064 -0.885011863635001 
0.58536 -0.898344 -0.8861999850014941 -0.7501186363500091 
0.5886 -0.7344 -0.7214859000000001 0.5999881363649991 
-0.8850600000000001 -0.81 0.46710000000000007 -0.891 
0.5851494 0.59999999998509 -0.886329 -0.7500600000000001 
0.0 0.0 0.0 0.0 
0.0 0.0 0.0 0.0 
